215A
3674
3760
3810
3994
4751
5253
6658
6750
6758
7762
7794
7803
9247
1605
5020
5401
5464
5713
5845
7164
8306
8316
8473
8570
9432
9433
9064
9143
9303
8002
9101
6191
4462
5334
8031
8035
8053
7735
4661
4901
7201
7203
7267
7832
7974
2503
2914
4452
4680
9501
9508
9531
2752
3197
3563
5032
6081
141A
2678
3382
4385
4755
7636
8136
9831
4502
4503
4540
7733
1615
1617
1618
1623
1625
1627
1628
1630
1632
2558
8766
1801
4523
6526
4776
9603
9041
7752
7011
9201
8951
9020
5016
7157
265A
464A
6920
3350
6146
1417
1450
155A
7453
7013
3498
6405
247A
5621
3773
2593
4689
6501
6460
6702
8267
7595
3355
5803
6855
7082
9984
4592
5333
6574
285A
5802
6503
6504
6963
6882
4063
6594
8058
9418
3635
3543
8008
8237
1860
2269
5711
5021
5121
1419
8630
8304


